---
build/images/background-29e26e74.png: 2015-01-18 16:08:32.000000000 -08:00
build/images/middleman-50d9de35.png: 2015-01-18 16:08:32.000000000 -08:00
