---
build/images/accommodations-1-f2a96b5f.jpg: 2015-03-22 18:10:32.000000000 -07:00
build/images/accommodations-2-2c741e99.jpg: 2015-03-22 18:10:32.000000000 -07:00
build/images/accommodations-3-78c18e22.jpg: 2015-03-22 18:10:32.000000000 -07:00
build/images/ceremony-1-72516e15.jpg: 2015-03-22 18:10:32.000000000 -07:00
build/images/ceremony-2-19afaa26.jpg: 2015-03-22 18:10:32.000000000 -07:00
build/images/ceremony-3-bed94b4e.jpg: 2015-03-22 18:10:32.000000000 -07:00
build/images/fly-fly-ia-to-or-36dc7b11.png: 2015-03-22 18:10:36.000000000 -07:00
build/images/footer-bg-476ee9ba.jpg: 2015-03-22 18:10:32.000000000 -07:00
build/images/footer-pic-4edf80b7.jpg: 2015-03-22 18:10:33.000000000 -07:00
build/images/index-1-537bc4b9.jpg: 2015-03-22 18:10:32.000000000 -07:00
build/images/index-2-76cb88cc.jpg: 2015-03-22 18:10:32.000000000 -07:00
build/images/index-3-673ec287.jpg: 2015-03-22 18:10:32.000000000 -07:00
build/images/jumbotrons/404-76371488.jpg: 2015-03-22 18:10:33.000000000 -07:00
build/images/jumbotrons/accommodations-106d8851.jpg: 2015-03-22 18:10:33.000000000
  -07:00
build/images/jumbotrons/ceremony-0c8c616f.jpg: 2015-03-22 18:10:33.000000000 -07:00
build/images/jumbotrons/index-7040230d.jpg: 2015-03-22 18:10:33.000000000 -07:00
build/images/jumbotrons/more-21f0a22d.jpg: 2015-03-22 18:10:33.000000000 -07:00
build/images/jumbotrons/reception-187b037d.jpg: 2015-03-22 18:10:33.000000000 -07:00
build/images/jumbotrons/registry-45c7ea4c.jpg: 2015-03-22 18:10:33.000000000 -07:00
build/images/jumbotrons/rsvp-70089cfc.jpg: 2015-03-22 18:10:33.000000000 -07:00
build/images/jumbotrons/rsvp-errors-70089cfc.jpg: 2015-03-22 18:10:33.000000000 -07:00
build/images/jumbotrons/thank-you-14cbbb41.jpg: 2015-03-22 18:10:34.000000000 -07:00
build/images/logo-5b913336.png: 2015-03-22 18:10:33.000000000 -07:00
build/images/more-1-b499995a.jpg: 2015-03-22 18:10:33.000000000 -07:00
build/images/more-2-0fd871eb.jpg: 2015-03-22 18:10:33.000000000 -07:00
build/images/more-3-90ca8014.jpg: 2015-03-22 18:10:33.000000000 -07:00
build/images/parking-map-c68bed45.jpg: 2015-03-22 18:10:34.000000000 -07:00
build/images/reception-elder-hall-ff6c1fe4.png: 2015-03-22 18:10:44.000000000 -07:00
build/images/reception-map-b4e547aa.png: 2015-03-22 18:10:56.000000000 -07:00
build/images/registry-1-3457badd.jpg: 2015-03-22 18:10:34.000000000 -07:00
build/images/registry-2-3feb818a.jpg: 2015-03-22 18:10:34.000000000 -07:00
build/images/registry-3-ee0fcf04.jpg: 2015-03-22 18:10:34.000000000 -07:00
build/images/registry-amazon-0834612f.png: 2015-03-22 18:10:34.000000000 -07:00
build/images/registry-kohls-56a31d69.png: 2015-03-22 18:10:34.000000000 -07:00
build/images/registry-target-80cada39.png: 2015-03-22 18:10:34.000000000 -07:00
build/images/rsvp-1-e48ef90b.jpg: 2015-03-22 18:10:34.000000000 -07:00
build/images/rsvp-2-cebb0d10.jpg: 2015-03-22 18:10:34.000000000 -07:00
build/images/rsvp-3-1df2bba4.jpg: 2015-03-22 18:10:34.000000000 -07:00
